zspec u-g g-r r-i i-z u-slope g-slope uerr gerr rerr ierr zerr u-slopeerr g-slopeerr
0.4745 0.1932 -0.0035 0.2535 0.2271 0.0048 0.0526 0.0434 0.0220 0.0312 0.0055 0.1214 0.0350 0.0250 
2.1985 0.4047 0.1295 0.1574 0.3372 -0.0371 0.0015 0.1499 0.0130 0.0665 0.0945 0.1063 0.0350 0.0250 
3.9134 1.2617 1.3006 0.1063 0.1634 0.0235 -0.0288 0.5637 0.1263 0.0068 0.0376 0.1331 0.0350 0.0250 
0.5653 0.2078 0.0125 0.3135 0.1710 -0.0128 0.0360 0.0628 0.0198 0.0278 0.0072 0.1334 0.0350 0.0250 
2.3349 0.4326 0.0421 0.0996 0.3043 0.0115 0.0256 0.1312 0.0748 0.0323 0.0373 0.0471 0.0350 0.0250 
3.9406 1.4928 1.0562 0.1383 0.1172 0.0095 -0.0148 0.4634 0.1288 0.0771 0.0420 0.3093 0.0350 0.0250 
1.0976 0.1268 0.3510 -0.0084 0.1953 0.0394 0.0059 0.0755 0.0279 0.0474 0.0440 0.0079 0.0350 0.0250 
1.8401 0.0498 0.0507 0.3167 0.2421 0.0315 0.0258 0.1810 0.0071 0.0277 0.0196 0.1265 0.0350 0.0250 
0.9711 0.2215 0.2765 0.0088 0.2933 -0.0291 -0.0031 0.1286 0.0207 0.0236 0.0058 0.0896 0.0350 0.0250 
3.6240 2.4521 0.8935 0.1410 0.1441 -0.0333 -0.0390 0.4912 0.0207 0.0271 0.0852 0.0833 0.0350 0.0250 
1.4998 0.0590 0.1685 0.2365 0.1583 -0.0268 0.0291 0.1697 0.0067 0.0154 0.0235 0.1326 0.0350 0.0250 
2.6816 0.6538 0.2332 -0.0360 0.3118 -0.0397 0.0143 0.1564 0.0423 0.0260 0.0563 0.0169 0.0350 0.0250 
3.2897 1.7521 0.4079 -0.0287 0.2992 -0.0354 -0.0482 0.3749 0.0174 0.0859 0.1093 0.0485 0.0350 0.0250 
3.1342 1.3914 0.2654 -0.0417 0.0830 -0.0403 -0.0457 0.3513 0.0329 0.0491 0.0665 0.1042 0.0350 0.0250 
2.1429 0.1764 0.0075 0.0676 0.4153 -0.0540 0.0092 0.0837 0.0155 0.0375 0.0583 0.1027 0.0350 0.0250 
2.1697 0.2077 0.1163 0.0627 0.3713 -0.0553 -0.0214 0.1553 0.0326 0.0260 0.0227 0.1344 0.0350 0.0250 
0.7329 0.3015 0.1641 -0.0658 0.2386 0.0216 0.0082 0.1761 0.0225 0.0219 0.0290 0.1536 0.0350 0.0250 
0.4108 0.3376 0.1350 0.2159 0.3126 -0.0067 0.0341 0.0736 0.0270 0.0301 0.0156 0.0603 0.0350 0.0250 
3.3318 2.5108 0.5541 0.0206 0.2906 -0.0261 -0.0368 0.3276 0.0546 0.0649 0.0592 0.2482 0.0350 0.0250 
0.4156 0.4499 0.1801 0.2756 0.2051 0.0062 0.0319 0.0524 0.0231 0.0260 0.0095 0.0629 0.0350 0.0250 
2.7483 0.7024 0.2839 -0.0174 0.2997 -0.0245 0.0092 0.0832 0.0777 0.0726 0.0406 0.1380 0.0350 0.0250 
3.8505 1.6283 1.1151 0.0952 0.1087 -0.0040 -0.0055 0.4996 0.0623 0.0150 0.0287 0.0614 0.0350 0.0250 
0.6395 0.3894 0.1492 0.1341 0.2763 -0.0120 0.0013 0.0891 0.0184 0.0150 0.0428 0.0903 0.0350 0.0250 
1.5231 0.0495 0.1275 0.1608 0.1603 0.0141 0.0459 0.0308 0.0366 0.0399 0.0326 0.1613 0.0350 0.0250 
1.9920 0.0533 -0.0731 0.2223 0.4294 -0.0405 0.0093 0.2135 0.0439 0.0289 0.0196 0.2300 0.0350 0.0250 
2.3708 0.3674 0.1226 0.0026 0.4273 0.0073 0.0189 0.2377 0.0350 0.0463 0.0911 0.0613 0.0350 0.0250 
2.1431 0.1339 0.2031 0.1779 0.3935 -0.0619 -0.0046 0.0832 0.0146 0.0668 0.0382 0.1097 0.0350 0.0250 
3.7069 2.4834 1.2580 0.0519 0.2728 -0.0152 -0.0174 0.5145 0.1192 0.0087 0.0409 0.1660 0.0350 0.0250 
1.2201 0.1114 0.3365 0.0241 0.1118 0.0180 0.0260 0.0875 0.0349 0.0079 0.0355 0.0490 0.0350 0.0250 
1.1433 0.1117 0.3897 -0.0628 0.0614 0.0492 0.0126 0.1189 0.0484 0.0334 0.0096 0.1511 0.0350 0.0250 
3.6338 2.3343 0.9040 0.1388 0.0501 -0.0268 -0.0267 0.3833 0.0912 0.0429 0.0586 0.1717 0.0350 0.0250 
3.4738 2.3176 0.5992 0.2206 0.2888 -0.0061 0.0191 0.2449 0.0766 0.0400 0.0145 0.1838 0.0350 0.0250 
3.4066 1.8876 0.4730 0.0167 0.2023 -0.0117 -0.0525 0.3931 0.0158 0.0611 0.0346 0.1057 0.0350 0.0250 
1.6370 0.1626 0.0939 0.2899 0.1452 0.0534 0.0613 0.0668 0.0313 0.0275 0.0438 0.1016 0.0350 0.0250 
2.7969 0.7522 0.1435 0.0275 0.1998 -0.0396 0.0025 0.1483 0.0247 0.0605 0.0845 0.1771 0.0350 0.0250 
1.0559 0.0991 0.3524 0.0192 0.0325 0.0068 0.0094 0.0609 0.0194 0.0229 0.0425 0.0869 0.0350 0.0250 
3.2387 1.6546 0.3079 0.1921 -0.1295 -0.0476 -0.0375 0.2253 0.0459 0.0745 0.1255 0.1033 0.0350 0.0250 
3.0288 1.7383 0.2909 0.0400 0.1099 -0.0875 0.0325 0.4225 0.0179 0.0525 0.0496 0.0681 0.0350 0.0250 
3.4590 2.1342 0.7730 0.2511 0.1235 -0.0033 0.0010 0.2708 0.0647 0.0465 0.0822 0.1121 0.0350 0.0250 
1.6588 0.2058 0.0934 0.3217 0.2054 0.0443 0.0409 0.0998 0.0388 0.0551 0.0164 0.0989 0.0350 0.0250 
3.1182 1.4501 0.2898 0.0234 -0.0609 -0.0278 -0.0248 0.1792 0.0600 0.0500 0.0926 0.2386 0.0350 0.0250 
3.3686 1.3507 0.3687 0.0682 0.3017 -0.0348 -0.0653 0.3119 0.0563 0.0537 0.0989 0.2122 0.0350 0.0250 
1.8725 0.1062 0.0614 0.2185 0.2067 0.0182 0.0309 0.0604 0.0251 0.0558 0.0084 0.0720 0.0350 0.0250 
2.2945 0.5426 0.0553 -0.0002 0.4135 -0.0227 0.0153 0.1267 0.0236 0.0492 0.0876 0.1371 0.0350 0.0250 
2.1124 0.2286 0.1307 0.0754 0.3594 -0.0573 -0.0298 0.1505 0.0388 0.0624 0.0516 0.0697 0.0350 0.0250 
1.5629 0.2086 0.1529 0.2240 0.2965 0.0298 0.0360 0.0722 0.0576 0.0480 0.0284 0.1506 0.0350 0.0250 
1.8539 0.0393 -0.0753 0.2532 0.0858 0.0504 0.0392 0.0818 0.0310 0.0512 0.0511 0.0878 0.0350 0.0250 
1.3376 -0.0884 0.3137 0.0338 -0.0403 -0.0075 0.0503 0.0850 0.0136 0.0230 0.0328 0.1399 0.0350 0.0250 
3.1840 2.3567 0.3276 0.0871 0.1164 -0.0646 -0.0356 0.2772 0.0050 0.0385 0.0528 0.2402 0.0350 0.0250 
2.4883 0.6562 -0.0008 0.0701 0.3213 0.0107 0.0700 0.2401 0.0485 0.0312 0.0880 0.1627 0.0350 0.0250 
2.4478 0.4475 0.1618 -0.1131 0.5032 0.0034 0.0068 0.1798 0.0335 0.0692 0.0671 0.1138 0.0350 0.0250 
3.4034 2.1348 0.5055 0.2164 0.2654 -0.0126 -0.0113 0.5871 0.0253 0.0289 0.0619 0.1640 0.0350 0.0250 
3.1402 1.6121 0.2928 0.1066 -0.0555 -0.0379 -0.0681 0.2519 0.1065 0.0339 0.0348 0.1568 0.0350 0.0250 
3.4545 2.3427 0.6991 0.2504 0.0608 -0.0126 -0.0078 0.6598 0.0621 0.0654 0.0083 0.2844 0.0350 0.0250 
3.7414 2.4559 1.2358 0.0652 0.2212 -0.0079 -0.0159 0.5272 0.0485 0.0181 0.0968 0.0278 0.0350 0.0250 
2.2644 0.5935 0.0598 0.1441 0.3870 0.0032 0.0040 0.0124 0.0557 0.0693 0.1023 0.1206 0.0350 0.0250 
1.6584 0.2538 0.1511 0.2403 0.0654 0.0569 0.0330 0.0129 0.0276 0.0355 0.0543 0.0750 0.0350 0.0250 
2.0803 0.1522 0.1370 0.0609 0.3050 -0.0765 -0.0121 0.1402 0.0413 0.0445 0.0794 0.0651 0.0350 0.0250 
2.6652 0.6816 0.1547 0.0152 0.1997 -0.0426 0.0259 0.1705 0.0377 0.0271 0.0133 0.0808 0.0350 0.0250 
3.2227 1.5657 0.2733 -0.0104 0.0808 -0.0695 -0.0513 0.2467 0.0605 0.0405 0.0658 0.1357 0.0350 0.0250 
1.9479 0.1202 0.0414 0.2600 0.2653 -0.0159 0.0213 0.1395 0.0150 0.0048 0.0186 0.0424 0.0350 0.0250 
3.4803 2.5296 0.7380 0.2250 0.0970 -0.0115 0.0086 0.4875 0.0670 0.0580 0.0559 0.1106 0.0350 0.0250 
3.5971 2.2028 0.9703 0.1349 -0.0134 -0.0221 0.0017 0.5158 0.0383 0.0717 0.0786 0.0977 0.0350 0.0250 
2.6807 0.8570 0.2032 0.0688 0.2195 -0.0330 0.0289 0.1219 0.0287 0.0451 0.0809 0.1562 0.0350 0.0250 
3.2603 1.8959 0.4336 0.0513 0.1063 -0.0167 -0.0394 0.4795 0.0588 0.0389 0.0990 0.1421 0.0350 0.0250 
1.6993 0.2247 0.0398 0.2034 0.1837 0.0696 0.0433 0.0304 0.0523 0.0252 0.0295 0.0272 0.0350 0.0250 
1.6121 0.2129 0.0693 0.2236 0.0157 0.0489 0.0509 0.0999 0.0251 0.0372 0.0765 0.1029 0.0350 0.0250 
3.3512 2.3677 0.3903 0.0551 0.0546 -0.0244 -0.0650 0.5484 0.0946 0.0387 0.0514 0.3071 0.0350 0.0250 
3.7651 2.7930 1.2394 0.1213 0.1447 -0.0137 -0.0473 0.6122 0.0700 0.0517 0.0643 0.2405 0.0350 0.0250 
2.7732 0.5493 0.1702 0.0223 0.3296 -0.0198 0.0023 0.2367 0.0479 0.0207 0.0442 0.0809 0.0350 0.0250 
1.9296 0.0968 0.1594 0.3358 0.2152 -0.0007 0.0129 0.0898 0.0207 0.0420 0.0162 0.0571 0.0350 0.0250 
1.0630 -0.0339 0.1888 -0.0348 0.1323 0.0181 0.0099 0.0231 0.0188 0.0294 0.0148 0.0819 0.0350 0.0250 
1.7420 0.0234 -0.0732 0.2451 0.2053 0.0802 0.0370 0.2537 0.0155 0.0266 0.0219 0.0556 0.0350 0.0250 
1.2514 0.2830 0.4085 0.0369 0.1378 0.0324 0.0289 0.1191 0.0360 0.0127 0.0473 0.1205 0.0350 0.0250 
3.1574 1.7105 0.3362 0.1526 0.1503 -0.0522 -0.0567 0.5627 0.0670 0.0586 0.0148 0.2159 0.0350 0.0250 
1.1610 0.2033 0.3454 0.0971 0.1189 0.0298 0.0287 0.0673 0.0238 0.0486 0.0330 0.1484 0.0350 0.0250 
1.9060 -0.0088 -0.0762 0.2381 0.2400 0.0151 0.0302 0.0847 0.0570 0.0175 0.0115 0.0842 0.0350 0.0250 
1.2149 -0.0072 0.3341 0.0261 0.2883 0.0009 0.0372 0.1343 0.0187 0.0259 0.0796 0.0083 0.0350 0.0250 
2.9484 0.9962 0.1353 -0.0164 0.1567 -0.0567 -0.0139 0.1637 0.0276 0.0594 0.0864 0.2141 0.0350 0.0250 
2.5186 0.4248 0.0600 -0.0129 0.4119 -0.0034 0.0491 0.0012 0.0059 0.0433 0.0457 0.1369 0.0350 0.0250 
3.6665 2.7813 1.0789 0.0934 0.0620 -0.0209 -0.0388 0.3992 0.1032 0.0296 0.0421 0.2316 0.0350 0.0250 
2.8475 0.7833 0.2896 0.0548 0.3477 -0.0291 0.0120 0.0635 0.0296 0.0574 0.1081 0.2804 0.0350 0.0250 
2.2894 0.5554 0.1294 -0.0054 0.2895 -0.0118 -0.0052 0.2476 0.0726 0.0580 0.0348 0.0542 0.0350 0.0250 
3.0225 1.3635 0.3292 0.0072 0.1241 -0.1269 -0.0188 0.2760 0.0422 0.0383 0.0229 0.0790 0.0350 0.0250 
0.6801 0.3119 0.0568 0.0722 0.3747 0.0092 0.0208 0.0985 0.0305 0.0329 0.0432 0.0970 0.0350 0.0250 
0.5926 0.3436 -0.0151 0.1355 0.2986 0.0002 0.0258 0.0271 0.0295 0.0467 0.0147 0.0905 0.0350 0.0250 
2.2811 0.5695 0.0234 0.0099 0.4166 -0.0065 0.0018 0.0654 0.0355 0.0058 0.0213 0.0289 0.0350 0.0250 
0.4255 0.4656 0.0837 0.2619 0.2426 0.0012 0.0361 0.0685 0.0256 0.0170 0.0099 0.0532 0.0350 0.0250 
2.2721 0.3462 -0.0435 0.0310 0.3904 -0.0063 0.0071 0.0856 0.0573 0.0577 0.0496 0.1151 0.0350 0.0250 
1.1551 0.3229 0.4592 0.0287 0.0974 0.0467 0.0419 0.1069 0.0292 0.0461 0.0265 0.0345 0.0350 0.0250 
2.5817 0.5572 0.0858 -0.0631 0.3909 -0.0236 0.0394 0.1048 0.0486 0.0469 0.0367 0.1153 0.0350 0.0250 
3.7364 2.9930 1.1475 0.0918 0.1476 -0.0108 -0.0257 0.3499 0.1147 0.0451 0.0678 0.0338 0.0350 0.0250 
2.5761 0.3701 0.0225 -0.0956 0.3296 -0.0123 0.0784 0.1266 0.0557 0.0517 0.1211 0.2907 0.0350 0.0250 
2.2016 0.4091 0.1920 0.0837 0.3942 -0.0296 -0.0175 0.2253 0.0326 0.0698 0.0599 0.1899 0.0350 0.0250 
1.9024 0.2415 0.0665 0.2431 0.1402 -0.0052 0.0189 0.1288 0.0234 0.0328 0.0052 0.1126 0.0350 0.0250 
3.9737 1.0907 1.3351 0.1479 0.1355 -0.0010 -0.0678 0.2586 0.1978 0.0343 0.0240 0.0525 0.0350 0.0250 
3.5384 2.3864 0.6166 0.3247 0.1081 -0.0290 -0.0406 0.3805 0.0967 0.0236 0.0979 0.1223 0.0350 0.0250 
0.4115 0.3514 0.1700 0.2226 0.2657 -0.0042 0.0385 0.0692 0.0183 0.0090 0.0098 0.0584 0.0350 0.0250 
1.0750 0.1963 0.2982 -0.0135 0.0841 0.0182 0.0282 0.0401 0.0350 0.0259 0.0692 0.0460 0.0350 0.0250 
3.1029 1.4696 0.3502 0.0176 0.1316 -0.0317 -0.0228 0.3843 0.0429 0.0357 0.0435 0.1534 0.0350 0.0250 
1.6386 0.0275 0.1604 0.3848 0.1767 0.0607 0.0507 0.0928 0.0499 0.0186 0.0458 0.1210 0.0350 0.0250 
0.6954 0.3086 0.0774 0.1446 0.3953 0.0034 -0.0099 0.0495 0.0245 0.0184 0.0124 0.0688 0.0350 0.0250 
0.7846 0.1930 0.1373 0.0645 0.4106 0.0131 0.0058 0.1072 0.0170 0.0127 0.0518 0.0333 0.0350 0.0250 
2.8769 0.7755 0.2571 -0.0170 0.2356 -0.0483 -0.0022 0.0239 0.0309 0.0570 0.1077 0.4152 0.0350 0.0250 
1.9132 0.2247 0.1701 0.2420 0.1325 -0.0079 0.0277 0.0019 0.0085 0.0889 0.0406 0.0573 0.0350 0.0250 
3.2019 1.4343 0.2550 0.0041 0.0995 -0.0443 -0.0522 0.3696 0.0601 0.0555 0.1301 0.0640 0.0350 0.0250 
2.9986 0.9460 0.2491 -0.0569 0.2915 -0.0196 0.0065 0.1377 0.0617 0.0514 0.0384 0.0670 0.0350 0.0250 
1.0920 0.2097 0.2553 -0.0359 0.1172 0.0347 0.0089 0.0591 0.0261 0.0226 0.0057 0.1242 0.0350 0.0250 
2.1719 0.4662 -0.0205 0.0746 0.5164 -0.0721 0.0108 0.0564 0.0426 0.0258 0.0713 0.1465 0.0350 0.0250 
1.4311 0.1570 0.2887 0.1138 0.2888 -0.0167 0.0339 0.0991 0.0216 0.0289 0.0514 0.0572 0.0350 0.0250 
1.4715 0.0487 0.1340 0.1912 0.2279 -0.0240 0.0451 0.1030 0.0166 0.0146 0.0142 0.0614 0.0350 0.0250 
0.6260 0.2845 0.0170 0.1326 0.2463 -0.0017 0.0165 0.0227 0.0432 0.0408 0.0182 0.0690 0.0350 0.0250 
1.2207 0.0700 0.3270 0.0007 0.1756 0.0368 0.0353 0.0994 0.0252 0.0499 0.0268 0.0838 0.0350 0.0250 
3.9340 1.6641 1.1339 0.0261 0.1009 0.0239 -0.0241 0.4310 0.1786 0.0429 0.0565 0.1897 0.0350 0.0250 
1.7161 0.2596 0.0936 0.3311 0.1127 0.0591 0.0279 0.0928 0.0174 0.0115 0.0457 0.0611 0.0350 0.0250 
2.2831 0.5212 0.0705 0.1283 0.2686 -0.0020 0.0213 0.0690 0.0525 0.0424 0.0303 0.2106 0.0350 0.0250 
3.6317 1.8584 1.0076 0.1999 0.2016 -0.0252 -0.0247 0.5426 0.0549 0.0122 0.0828 0.1273 0.0350 0.0250 
1.6727 0.2140 0.0100 0.3484 0.0542 0.0383 0.0338 0.1803 0.0536 0.0110 0.0011 0.1963 0.0350 0.0250 
2.4523 0.6451 0.0941 0.0392 0.3534 0.0085 0.0394 0.0455 0.0132 0.0357 0.0192 0.2561 0.0350 0.0250 
2.0283 0.1913 0.1155 0.1602 0.3455 -0.0543 0.0216 0.1631 0.0278 0.0368 0.0685 0.0609 0.0350 0.0250 
0.4301 0.3590 0.1330 0.1968 0.2898 0.0016 0.0242 0.0413 0.0197 0.0219 0.0146 0.0215 0.0350 0.0250 
1.6373 0.1778 0.1199 0.2886 0.0372 0.0603 0.0663 0.0689 0.0374 0.0170 0.0101 0.0687 0.0350 0.0250 
1.0696 0.1379 0.3082 -0.0409 0.1770 0.0360 0.0035 0.0557 0.0193 0.0377 0.0338 0.0889 0.0350 0.0250 
3.8980 1.6788 1.1903 0.1312 0.1903 -0.0099 -0.0215 0.2075 0.1384 0.0089 0.0547 0.1554 0.0350 0.0250 
1.4301 0.0186 0.1865 0.1230 0.1549 -0.0283 0.0420 0.1152 0.0493 0.0066 0.0255 0.0805 0.0350 0.0250 
1.9437 0.1163 0.0773 0.2301 0.3301 -0.0321 0.0249 0.0508 0.0408 0.0391 0.0516 0.0543 0.0350 0.0250 
1.2077 0.3099 0.4312 0.1207 0.1115 0.0251 0.0327 0.1308 0.0186 0.0369 0.0074 0.0419 0.0350 0.0250 
2.6053 0.4763 0.1430 -0.0108 0.3667 -0.0235 0.0337 0.0247 0.0232 0.0118 0.0698 0.2436 0.0350 0.0250 
0.9318 0.2363 0.2613 0.0401 0.1415 0.0045 0.0003 0.1144 0.0152 0.0383 0.0199 0.1573 0.0350 0.0250 
3.8748 2.1393 1.2100 0.1558 0.1800 0.0068 -0.0126 0.2294 0.1192 0.0397 0.0710 0.1610 0.0350 0.0250 
2.5781 0.6983 0.0577 -0.0447 0.5623 -0.0356 0.0676 0.1589 0.0021 0.0431 0.0580 0.0934 0.0350 0.0250 
1.8288 0.2363 0.2312 0.2567 0.1898 0.0441 0.0185 0.1072 0.0283 0.0510 0.0578 0.0831 0.0350 0.0250 
2.1064 0.2208 0.0449 0.1664 0.3299 -0.0383 -0.0253 0.0604 0.0136 0.0108 0.1138 0.0632 0.0350 0.0250 
0.5569 0.3153 -0.0270 0.1897 0.2139 -0.0145 0.0346 0.0910 0.0274 0.0235 0.0318 0.0625 0.0350 0.0250 
2.1569 0.2794 0.0080 0.0656 0.3315 -0.0648 -0.0074 0.0306 0.0311 0.0281 0.0323 0.1120 0.0350 0.0250 
3.1622 1.5257 0.3291 -0.0668 0.1322 -0.0325 -0.0243 0.3895 0.0630 0.0126 0.0943 0.3187 0.0350 0.0250 
1.4268 0.2753 0.2496 0.1701 0.1243 -0.0360 0.0313 0.0324 0.0199 0.0338 0.0448 0.0367 0.0350 0.0250 
3.8638 1.7075 1.1952 0.1803 0.2231 0.0020 -0.0178 0.2980 0.0933 0.0311 0.0522 0.1926 0.0350 0.0250 
3.1894 2.0862 0.3039 0.0750 0.2182 -0.0719 -0.0377 0.1172 0.0918 0.0349 0.0897 0.2199 0.0350 0.0250 
1.1101 0.0896 0.2798 -0.0284 0.2404 0.0507 0.0212 0.0843 0.0258 0.0031 0.0532 0.0438 0.0350 0.0250 
2.5298 0.6238 0.1554 -0.0316 0.5090 -0.0097 0.0550 0.1357 0.0549 0.0313 0.0738 0.1349 0.0350 0.0250 
1.9370 0.0161 0.0713 0.2053 0.4809 -0.0309 0.0275 0.0776 0.0141 0.0344 0.0293 0.0332 0.0350 0.0250 
3.4430 2.6280 0.5896 0.1672 0.1013 -0.0111 -0.0014 0.5529 0.0612 0.0433 0.0795 0.0470 0.0350 0.0250 
2.2636 0.5628 -0.0007 0.0808 0.3330 -0.0234 0.0021 0.1830 0.0273 0.0546 0.0881 0.1749 0.0350 0.0250 
1.6442 0.2359 0.1994 0.4117 0.1894 0.0570 0.0262 0.0816 0.0412 0.0382 0.0072 0.2037 0.0350 0.0250 
0.6491 0.3631 0.1174 0.1132 0.1406 -0.0044 0.0085 0.0064 0.0147 0.0034 0.0203 0.1001 0.0350 0.0250 
3.7382 1.6752 1.1072 0.1236 0.0541 -0.0064 -0.0287 0.4075 0.0842 0.0278 0.0362 0.0854 0.0350 0.0250 
0.5502 0.3185 0.0429 0.3273 0.0325 -0.0210 0.0475 0.0038 0.0219 0.0177 0.0229 0.1294 0.0350 0.0250 
1.6237 0.2879 0.1516 0.3178 0.1032 0.0515 0.0574 0.0303 0.0462 0.0600 0.0230 0.1908 0.0350 0.0250 
1.1475 0.1206 0.2666 -0.0205 0.0735 0.0242 0.0266 0.0654 0.0327 0.0369 0.0240 0.1134 0.0350 0.0250 
0.7540 0.4108 0.0776 0.0685 0.3928 0.0183 -0.0017 0.1260 0.0329 0.0249 0.0396 0.1446 0.0350 0.0250 
3.5323 2.0732 0.8260 0.2197 -0.0195 -0.0279 -0.0022 0.3577 0.0266 0.0434 0.0657 0.1119 0.0350 0.0250 
3.1524 1.8232 0.2034 0.0473 0.0328 -0.0315 -0.0496 0.3908 0.0959 0.0358 0.0643 0.1415 0.0350 0.0250 
2.5796 0.5941 0.1590 -0.0268 0.5040 -0.0240 0.0440 0.0620 0.0274 0.0702 0.0432 0.1354 0.0350 0.0250 
2.5640 0.5818 0.0981 -0.1710 0.5363 -0.0232 0.0625 0.1446 0.0290 0.0260 0.0842 0.0779 0.0350 0.0250 
2.7160 0.5408 0.1562 -0.0477 0.2893 -0.0328 0.0343 0.2188 0.0484 0.0518 0.0008 0.2476 0.0350 0.0250 
1.9407 -0.0418 0.1383 0.3206 0.3832 -0.0171 0.0105 0.0387 0.0229 0.0108 0.0004 0.1445 0.0350 0.0250 
0.7275 0.2622 0.0638 0.1616 0.2918 0.0081 -0.0054 0.0566 0.0154 0.0574 0.0389 0.1127 0.0350 0.0250 
2.9166 0.8871 0.2369 -0.0022 0.2746 -0.0789 0.0012 0.4220 0.0354 0.0476 0.0974 0.1149 0.0350 0.0250 
3.8631 1.0694 1.1387 0.1749 0.1309 -0.0038 -0.0009 0.3720 0.1318 0.0072 0.0970 0.2191 0.0350 0.0250 
2.3030 0.3647 -0.0204 -0.0172 0.2401 -0.0012 0.0110 0.2115 0.0463 0.0164 0.0439 0.1724 0.0350 0.0250 
2.8573 0.6643 0.2338 0.0254 0.3879 -0.0287 -0.0174 0.2157 0.0390 0.0434 0.0437 0.1291 0.0350 0.0250 
1.2514 0.1109 0.3858 -0.0020 0.3344 0.0171 0.0434 0.0460 0.0244 0.0319 0.0247 0.0472 0.0350 0.0250 
3.2652 1.9705 0.3521 0.1281 0.1535 -0.0246 -0.0359 0.4210 0.0496 0.0286 0.0829 0.1480 0.0350 0.0250 
0.4243 0.2748 0.0401 0.0935 0.2945 -0.0067 0.0131 0.1174 0.0268 0.0173 0.0044 0.0663 0.0350 0.0250 
1.9061 0.1456 0.1244 0.2941 0.3435 0.0059 0.0306 0.0916 0.0311 0.0798 0.0449 0.1020 0.0350 0.0250 
1.4784 0.0347 0.1596 0.1593 0.3084 -0.0224 0.0228 0.0750 0.0221 0.0153 0.0402 0.1151 0.0350 0.0250 
3.7963 2.7488 1.2220 0.0770 0.1038 -0.0023 -0.0315 0.4117 0.1067 0.0419 0.0086 0.1910 0.0350 0.0250 
2.1498 0.2016 0.0509 0.1477 0.3199 -0.0763 -0.0009 0.2100 0.0505 0.0426 0.0686 0.0220 0.0350 0.0250 
1.9634 0.1041 0.1181 0.1955 0.4516 -0.0454 0.0249 0.0370 0.0335 0.0513 0.0629 0.0735 0.0350 0.0250 
1.6806 0.2195 -0.0061 0.3117 0.1570 0.0565 0.0494 0.1146 0.0333 0.0332 0.0352 0.1127 0.0350 0.0250 
2.9019 1.0462 0.2273 -0.0009 0.3034 -0.0738 -0.0109 0.2209 0.0750 0.0250 0.0032 0.0875 0.0350 0.0250 
2.3094 0.3893 0.1021 0.0571 0.4394 0.0204 0.0411 0.1901 0.0268 0.0183 0.0740 0.2283 0.0350 0.0250 
2.5011 0.6198 0.0089 0.0705 0.4365 -0.0157 0.0673 0.1545 0.0479 0.0639 0.0352 0.1856 0.0350 0.0250 
0.9607 0.2209 0.2970 0.0245 0.3794 -0.0019 0.0071 0.0403 0.0373 0.0250 0.0555 0.0305 0.0350 0.0250 
1.9472 0.0208 0.0199 0.1571 0.4342 -0.0226 0.0134 0.0606 0.0363 0.0224 0.0506 0.1099 0.0350 0.0250 
0.6830 0.2968 0.1993 0.1915 0.4297 0.0022 0.0097 0.0804 0.0460 0.0139 0.0633 0.1122 0.0350 0.0250 
1.8754 0.0570 0.0791 0.2472 0.2469 0.0124 0.0310 0.0067 0.0372 0.0355 0.0139 0.2145 0.0350 0.0250 
0.6221 0.3350 0.0713 0.2320 0.1255 -0.0100 0.0100 0.0941 0.0278 0.0379 0.0293 0.0432 0.0350 0.0250 
1.1466 0.1157 0.2900 0.0494 0.2009 0.0380 0.0306 0.0715 0.0485 0.0659 0.0166 0.1381 0.0350 0.0250 
3.6574 2.3667 1.1746 0.1536 0.0364 -0.0302 -0.0341 0.5621 0.0865 0.0646 0.0520 0.2971 0.0350 0.0250 
1.4689 0.1270 0.1687 0.1600 0.1250 -0.0217 0.0320 0.1340 0.0077 0.0226 0.0145 0.0874 0.0350 0.0250 
2.1583 0.3091 0.1458 0.0871 0.2779 -0.0427 -0.0356 0.0717 0.0297 0.0517 0.0655 0.0747 0.0350 0.0250 
1.6581 0.2268 0.1772 0.4272 0.1696 0.0620 0.0459 0.1113 0.0465 0.0417 0.0349 0.0614 0.0350 0.0250 
2.1948 0.3987 0.2136 0.1196 0.5117 -0.0369 -0.0031 0.1925 0.0658 0.0310 0.0257 0.2025 0.0350 0.0250 
3.3897 1.9611 0.4819 0.1114 0.0574 -0.0216 -0.0697 0.3466 0.0946 0.0133 0.0207 0.0928 0.0350 0.0250 
0.8228 0.2790 0.1454 0.0701 0.3735 0.0255 -0.0047 0.0734 0.0441 0.0272 0.0160 0.1201 0.0350 0.0250 
3.1401 1.4021 0.2972 0.0311 0.1720 -0.0453 -0.0571 0.2953 0.0655 0.0895 0.0382 0.1824 0.0350 0.0250 
2.3465 0.2996 0.0023 0.0787 0.4810 0.0015 0.0164 0.2302 0.0251 0.0415 0.0687 0.1766 0.0350 0.0250 
1.0761 0.0917 0.2814 0.0015 0.1878 0.0134 0.0123 0.0388 0.0263 0.0306 0.0168 0.0442 0.0350 0.0250 
2.3978 0.3481 -0.0484 -0.0190 0.4264 0.0069 0.0170 0.1111 0.0442 0.0179 0.0841 0.0464 0.0350 0.0250 
3.2190 2.2560 0.2159 0.1805 0.1536 -0.0603 -0.0378 0.3380 0.0831 0.0588 0.0128 0.1412 0.0350 0.0250 
2.9315 0.8547 0.2632 -0.0430 0.1657 -0.0731 -0.0059 0.3300 0.0504 0.0521 0.0084 0.2133 0.0350 0.0250 
3.6161 2.1948 1.0053 0.1875 0.0391 -0.0322 -0.0260 0.5529 0.1199 0.0161 0.0024 0.2152 0.0350 0.0250 
3.9489 2.6469 1.2129 0.1093 0.1176 0.0367 -0.0380 0.4952 0.0706 0.0718 0.0198 0.2691 0.0350 0.0250 
1.6605 0.1334 0.2069 0.3448 0.2401 0.0632 0.0416 0.1402 0.0320 0.0190 0.0186 0.0834 0.0350 0.0250 
2.1730 0.3069 0.1699 0.1240 0.3197 -0.0295 -0.0102 0.0706 0.0323 0.0323 0.0491 0.0511 0.0350 0.0250 
1.4732 0.3338 0.2814 0.1715 0.0957 -0.0327 0.0385 0.0969 0.0331 0.0180 0.0367 0.1766 0.0350 0.0250 
3.2462 1.9745 0.4097 -0.0010 0.2013 -0.0655 -0.0490 0.3887 0.0672 0.0434 0.0916 0.2662 0.0350 0.0250 
2.7557 0.5478 0.1314 0.0020 0.1268 -0.0091 0.0194 0.0404 0.0241 0.0333 0.0550 0.1107 0.0350 0.0250 
0.6651 0.3786 0.1423 0.0680 0.2563 -0.0210 0.0018 0.0312 0.0385 0.0490 0.0175 0.1363 0.0350 0.0250 
0.6975 0.4656 0.0506 0.1025 0.2326 -0.0027 0.0137 0.1957 0.0205 0.0212 0.0028 0.1173 0.0350 0.0250 
3.7551 2.4986 1.1874 0.0983 0.1849 -0.0199 -0.0250 0.4199 0.1307 0.0407 0.0461 0.1177 0.0350 0.0250 
0.9976 0.3135 0.2085 0.0084 0.1417 -0.0233 0.0108 0.0687 0.0295 0.0336 0.0188 0.0676 0.0350 0.0250 
1.0440 0.1142 0.3162 -0.0371 0.0958 0.0161 0.0154 0.0838 0.0210 0.0094 0.0293 0.1062 0.0350 0.0250 
0.8129 0.1541 0.0953 0.0482 0.4555 0.0434 -0.0179 0.0238 0.0360 0.0507 0.0336 0.0783 0.0350 0.0250 
3.3245 1.8128 0.3071 -0.0247 0.1121 -0.0189 -0.0736 0.1078 0.0568 0.0490 0.1222 0.0938 0.0350 0.0250 
1.3807 0.1110 0.1966 0.0917 0.0204 -0.0164 0.0466 0.0459 0.0601 0.0225 0.0259 0.0332 0.0350 0.0250 
1.2272 0.1589 0.3847 -0.0023 0.1182 0.0616 0.0394 0.0166 0.0304 0.0085 0.0771 0.1511 0.0350 0.0250 
2.6352 0.7183 0.1762 0.0147 0.3350 -0.0388 0.0457 0.1704 0.0540 0.0304 0.0873 0.3573 0.0350 0.0250 
0.7476 0.2731 0.0867 0.1478 0.2735 0.0369 -0.0083 0.0615 0.0611 0.0376 0.0631 0.0754 0.0350 0.0250 
0.9051 0.2265 0.2574 -0.0419 0.2783 0.0237 -0.0005 0.0854 0.0210 0.0242 0.0076 0.0347 0.0350 0.0250 
2.7149 0.8239 0.1885 0.0717 0.3607 -0.0337 0.0136 0.2012 0.0273 0.0513 0.0350 0.1333 0.0350 0.0250 
2.3298 0.5419 -0.0753 -0.0311 0.3830 0.0225 -0.0026 0.2421 0.0491 0.0399 0.0137 0.1315 0.0350 0.0250 
1.6255 0.1752 0.2085 0.3090 0.1821 0.0650 0.0388 0.1581 0.0382 0.0236 0.0431 0.0577 0.0350 0.0250 
3.2007 1.9714 0.2919 -0.0622 0.1405 -0.0610 -0.0498 0.2034 0.0595 0.0648 0.0321 0.1894 0.0350 0.0250 
1.3201 0.1168 0.3442 0.0238 0.0581 0.0070 0.0541 0.0569 0.0559 0.0174 0.0254 0.1756 0.0350 0.0250 
1.4716 0.2934 0.2556 0.1656 0.1571 -0.0141 0.0210 0.1737 0.0239 0.0076 0.0340 0.1459 0.0350 0.0250 
1.7824 0.0738 -0.0659 0.2555 0.2094 0.0621 0.0329 0.0823 0.0151 0.0465 0.0402 0.1925 0.0350 0.0250 
3.0575 1.0896 0.3056 0.0398 0.0158 -0.1084 -0.0104 0.4843 0.0442 0.0275 0.0150 0.1394 0.0350 0.0250 
0.8188 0.2169 0.0803 -0.0325 0.5649 0.0443 -0.0104 0.0422 0.0196 0.0424 0.0176 0.0639 0.0350 0.0250 
0.9403 0.2496 0.1803 -0.1011 0.2088 0.0079 -0.0080 0.0164 0.0151 0.0087 0.0625 0.0461 0.0350 0.0250 
3.8746 1.7487 1.0866 0.1779 0.1650 -0.0062 -0.0059 0.3126 0.1093 0.0651 0.0967 0.1264 0.0350 0.0250 
2.1401 0.2391 0.0876 0.0818 0.3526 -0.0814 -0.0183 0.1441 0.0530 0.0542 0.0135 0.1044 0.0350 0.0250 
1.8955 -0.0485 -0.0050 0.3029 0.1694 -0.0023 0.0237 0.0336 0.0271 0.0377 0.0233 0.1240 0.0350 0.0250 
1.9962 0.0712 -0.0018 0.1005 0.3002 -0.0539 0.0203 0.0659 0.0482 0.0403 0.0005 0.0890 0.0350 0.0250 
3.2359 1.8155 0.3631 0.1411 0.1399 -0.0387 -0.0569 0.4894 0.0401 0.0625 0.0204 0.0888 0.0350 0.0250 
1.3367 -0.1710 0.2718 -0.0229 0.2219 -0.0200 0.0664 0.1177 0.0215 0.0341 0.0360 0.0867 0.0350 0.0250 
0.9360 0.2840 0.4785 0.1881 0.3375 0.0289 0.0112 0.1329 0.0053 0.0019 0.0522 0.0320 0.0350 0.0250 
1.2754 -0.1797 0.3054 -0.0132 0.3373 0.0109 0.0370 0.1170 0.0402 0.0354 0.0376 0.0844 0.0350 0.0250 
3.9709 2.8128 1.4434 0.0967 0.2202 -0.0012 -0.0788 0.6141 0.1081 0.0771 0.0668 0.1257 0.0350 0.0250 
2.8116 0.8932 0.2124 -0.0247 0.3196 -0.0445 -0.0074 0.2194 0.0579 0.0716 0.0388 0.1214 0.0350 0.0250 
2.2059 0.3335 0.0325 0.1378 0.3935 -0.0416 -0.0181 0.1310 0.0292 0.0476 0.0431 0.1290 0.0350 0.0250 
3.0280 1.3395 0.3060 0.0675 0.0781 -0.0664 0.0200 0.3068 0.0526 0.0365 0.0521 0.0011 0.0350 0.0250 
0.5351 0.2193 -0.0133 0.2358 0.1445 -0.0046 0.0681 0.0802 0.0316 0.0500 0.0232 0.0114 0.0350 0.0250 
1.3942 0.1384 0.3223 0.0611 0.1557 -0.0151 0.0555 0.1251 0.0280 0.0347 0.0478 0.0907 0.0350 0.0250 
3.4766 2.2318 0.7270 0.2513 0.0989 -0.0190 0.0175 0.4622 0.0137 0.0451 0.0170 0.1463 0.0350 0.0250 
1.5344 0.3088 0.1278 0.2462 0.0432 0.0182 0.0405 0.1999 0.0125 0.0196 0.0632 0.1382 0.0350 0.0250 
1.9767 0.0839 0.1346 0.2285 0.4107 -0.0349 0.0170 0.0892 0.0456 0.0472 0.0421 0.0182 0.0350 0.0250 
3.9425 2.6885 1.1327 0.0926 0.2196 -0.0030 -0.0123 0.4328 0.1179 0.0428 0.0449 0.2315 0.0350 0.0250 
2.1267 0.2606 0.1093 0.1206 0.3026 -0.0562 -0.0038 0.1584 0.0590 0.0406 0.0714 0.1577 0.0350 0.0250 
1.2030 0.0891 0.3964 -0.0209 0.1649 0.0317 0.0336 0.0504 0.0540 0.0176 0.0396 0.1687 0.0350 0.0250 
2.6055 0.6378 0.1214 -0.0270 0.4099 -0.0275 0.0390 0.2570 0.0334 0.0603 0.0866 0.1074 0.0350 0.0250 
0.8400 0.4114 0.2001 0.0238 0.3235 0.0117 -0.0025 0.0776 0.0294 0.0122 0.0660 0.0364 0.0350 0.0250 
1.3846 0.0953 0.3089 0.1163 0.0385 -0.0264 0.0318 0.0633 0.0420 0.0205 0.0556 0.0370 0.0350 0.0250 
3.0686 1.2365 0.3103 -0.0756 0.1454 -0.0643 -0.0235 0.4257 0.0303 0.0273 0.0498 0.2603 0.0350 0.0250 
0.6184 0.3415 0.0920 0.2337 0.1649 -0.0180 0.0146 0.0532 0.0261 0.0490 0.0438 0.1459 0.0350 0.0250 
3.1034 1.2208 0.3441 0.0387 0.0821 -0.0464 -0.0555 0.4367 0.0420 0.0155 0.0353 0.2827 0.0350 0.0250 
1.3001 0.1431 0.3619 0.0528 0.2068 0.0112 0.0489 0.0967 0.0494 0.0190 0.0385 0.1473 0.0350 0.0250 
0.6579 0.3637 0.2155 0.1723 0.1720 0.0032 -0.0031 0.0267 0.0356 0.0210 0.0127 0.0372 0.0350 0.0250 
3.9303 2.4035 1.0870 0.0778 0.0905 0.0532 -0.0161 0.4747 0.1688 0.0654 0.1003 0.1775 0.0350 0.0250 
3.5747 1.4696 1.0501 0.1828 0.0810 -0.0152 0.0269 0.3016 0.1414 0.0770 0.0551 0.0353 0.0350 0.0250 
2.1369 0.3033 0.0969 0.1152 0.2786 -0.0655 -0.0707 0.1041 0.0129 0.0392 0.0514 0.0533 0.0350 0.0250 
1.4945 0.3818 0.2650 0.2114 0.1022 -0.0051 0.0480 0.0944 0.0300 0.0119 0.0308 0.1034 0.0350 0.0250 
1.9548 0.1769 0.1502 0.2531 0.3344 -0.0361 0.0074 0.0834 0.0083 0.0432 0.0558 0.1015 0.0350 0.0250 
0.6715 0.3091 0.0805 0.1047 0.2592 -0.0171 0.0022 0.0158 0.0150 0.0241 0.0347 0.1493 0.0350 0.0250 
3.0510 1.7273 0.3130 0.1655 -0.0334 -0.0996 -0.0010 0.3350 0.0528 0.0375 0.0081 0.1605 0.0350 0.0250 
3.9687 2.4859 1.3382 0.1295 0.1571 -0.0378 -0.0375 0.2294 0.1672 0.0210 0.0332 0.2068 0.0350 0.0250 
3.8212 2.0041 1.2810 0.1113 0.0694 -0.0299 -0.0183 0.4712 0.1444 0.0354 0.0295 0.2849 0.0350 0.0250 
1.8213 -0.0426 0.0440 0.1952 0.2589 0.0350 0.0217 0.1028 0.0317 0.0176 0.0455 0.0583 0.0350 0.0250 
3.0456 1.6084 0.3275 0.0873 0.2059 -0.1097 -0.0060 0.4128 0.0102 0.0639 0.0311 0.0903 0.0350 0.0250 
3.3874 1.1530 0.4940 0.1188 0.0572 -0.0295 -0.0576 0.4386 0.1027 0.0772 0.0625 0.0402 0.0350 0.0250 
2.9598 0.8394 0.1810 0.0059 0.3883 -0.0425 -0.0072 0.1845 0.0802 0.0573 0.0819 0.1526 0.0350 0.0250 
0.4094 0.4552 0.1460 0.2409 0.1916 -0.0027 0.0313 0.0079 0.0325 0.0165 0.0166 0.0390 0.0350 0.0250 
1.5581 0.2072 0.2422 0.2920 0.1575 0.0012 0.0355 0.1734 0.0239 0.0522 0.0470 0.0880 0.0350 0.0250 
2.1321 0.3268 0.2192 0.1729 0.3137 -0.0798 -0.0502 0.1120 0.0548 0.0673 0.0879 0.1439 0.0350 0.0250 
0.6399 0.2833 0.0215 0.1847 0.2176 0.0072 0.0270 0.0011 0.0225 0.0017 0.0030 0.0669 0.0350 0.0250 
2.5144 0.5487 0.1275 0.0455 0.2847 -0.0210 0.0511 0.0482 0.0405 0.0422 0.0563 0.2207 0.0350 0.0250 
2.4372 0.4267 0.1488 -0.0367 0.3507 0.0248 0.0477 0.2341 0.0575 0.0869 0.0803 0.0394 0.0350 0.0250 
3.0538 1.5004 0.2077 0.0337 0.1348 -0.0501 -0.0127 0.0843 0.0215 0.0488 0.0233 0.0905 0.0350 0.0250 
2.1037 0.1186 0.1209 0.1006 0.2251 -0.0705 -0.0479 0.1039 0.0392 0.0376 0.0481 0.0276 0.0350 0.0250 
1.2682 0.1325 0.3620 0.0260 0.1813 0.0075 0.0342 0.0776 0.0349 0.0334 0.0219 0.0884 0.0350 0.0250 
3.3580 2.0693 0.4684 0.1360 0.1845 -0.0225 -0.0435 0.4584 0.1055 0.0721 0.0672 0.2530 0.0350 0.0250 
3.1116 1.2611 0.3323 0.0752 0.0363 -0.0422 -0.0300 0.1709 0.0209 0.0430 0.0578 0.0405 0.0350 0.0250 
1.1819 0.1359 0.3122 0.0610 0.1980 0.0512 0.0365 0.1472 0.0512 0.0426 0.0133 0.0274 0.0350 0.0250 
0.6649 0.4299 0.2033 0.1999 0.2040 0.0023 0.0121 0.1046 0.0420 0.0546 0.0122 0.1288 0.0350 0.0250 
1.3456 0.0935 0.3584 0.0230 0.1188 -0.0133 0.0610 0.0106 0.0001 0.0438 0.0367 0.1559 0.0350 0.0250 
2.5189 0.4420 -0.0015 -0.0925 0.5357 -0.0002 0.0695 0.0862 0.0464 0.0173 0.0440 0.1277 0.0350 0.0250 
1.5217 0.2266 0.2761 0.2994 0.2359 -0.0108 0.0469 0.1313 0.0274 0.0226 0.0217 0.1572 0.0350 0.0250 
1.8045 0.1350 0.1402 0.2807 0.2657 0.0494 0.0228 0.0648 0.0659 0.0665 0.0397 0.1689 0.0350 0.0250 
0.7087 0.4684 0.2327 0.1241 0.2135 0.0173 0.0144 0.0847 0.0333 0.0664 0.0450 0.1431 0.0350 0.0250 
3.0346 1.3120 0.3845 -0.0017 -0.0512 -0.0625 0.0082 0.1953 0.0796 0.0382 0.0127 0.2780 0.0350 0.0250 
2.6749 0.7944 0.2400 0.0716 0.2101 -0.0706 0.0155 0.1442 0.0364 0.0556 0.0527 0.1226 0.0350 0.0250 
2.3280 0.5057 0.0684 0.0628 0.4002 0.0101 0.0124 0.1005 0.0174 0.0419 0.0663 0.0882 0.0350 0.0250 
1.9908 0.1543 0.0369 0.1775 0.2733 -0.0453 0.0202 0.0797 0.0543 0.0321 0.0692 0.0345 0.0350 0.0250 
1.1137 0.1618 0.3900 -0.0471 0.2030 0.0482 0.0194 0.0697 0.0493 0.0359 0.0387 0.1053 0.0350 0.0250 
1.9840 0.0967 -0.0029 0.1764 0.2939 -0.0354 0.0073 0.1005 0.0150 0.0251 0.0161 0.1311 0.0350 0.0250 
1.9783 0.2296 0.0555 0.1832 0.2254 -0.0396 0.0099 0.0460 0.0373 0.0425 0.0581 0.2109 0.0350 0.0250 
3.6771 2.4571 1.0197 0.0451 0.1865 -0.0201 -0.0196 0.4296 0.1530 0.0274 0.0482 0.1247 0.0350 0.0250 
2.0485 0.2424 0.1692 0.1053 0.2795 -0.0426 0.0160 0.0410 0.0263 0.0319 0.0502 0.1105 0.0350 0.0250 
1.1939 0.0736 0.3756 -0.0439 0.1910 0.0200 0.0207 0.0618 0.0213 0.0327 0.0195 0.0142 0.0350 0.0250 
3.7018 3.1943 1.1016 0.0778 0.1309 -0.0109 -0.0186 0.6054 0.1251 0.0042 0.0707 0.1061 0.0350 0.0250 
1.0594 0.3131 0.2800 0.0437 0.2150 0.0250 0.0136 0.0441 0.0304 0.0124 0.0221 0.0291 0.0350 0.0250 
1.2335 -0.0193 0.3213 0.1270 0.0944 0.0283 0.0697 0.0585 0.0431 0.0609 0.0171 0.1108 0.0350 0.0250 
1.8441 -0.0624 -0.0117 0.2431 0.1942 0.0144 0.0233 0.0828 0.0552 0.0570 0.0435 0.0621 0.0350 0.0250 
1.2832 0.1590 0.3773 0.0562 0.2377 0.0206 0.0380 0.1420 0.0363 0.0474 0.0019 0.1185 0.0350 0.0250 
2.2278 0.3026 0.0948 0.1143 0.2768 -0.0175 -0.0014 0.0426 0.0230 0.0347 0.0610 0.2655 0.0350 0.0250 
1.7184 0.1949 0.0906 0.3294 0.1193 0.0797 0.0181 0.1900 0.0521 0.0394 0.0013 0.0274 0.0350 0.0250 
1.3915 0.0191 0.3017 0.1027 0.1499 -0.0312 0.0463 0.0677 0.0453 0.0111 0.0614 0.0751 0.0350 0.0250 
0.6851 0.2488 -0.0104 0.0549 0.3225 0.0007 0.0143 0.0486 0.0471 0.0542 0.0200 0.1643 0.0350 0.0250 
1.1586 0.0801 0.3045 -0.0196 0.2215 0.0139 0.0289 0.0318 0.0484 0.0368 0.0226 0.0545 0.0350 0.0250 
3.2381 1.5117 0.3491 0.0493 0.1123 -0.0526 -0.0349 0.3488 0.0735 0.0772 0.0399 0.1816 0.0350 0.0250 
3.9855 2.3120 1.4455 0.0937 0.1190 -0.0182 -0.0763 0.4041 0.0465 0.0473 0.0308 0.1086 0.0350 0.0250 
1.8608 0.0047 -0.0630 0.2370 0.2489 0.0304 0.0264 0.0748 0.0084 0.0650 0.0395 0.0558 0.0350 0.0250 
3.9914 1.8989 1.3483 0.0445 0.0487 -0.0172 -0.0388 0.5702 0.0281 0.0365 0.0517 0.0662 0.0350 0.0250 
2.5243 0.7622 0.1778 0.0068 0.3269 -0.0241 0.0611 0.0460 0.0260 0.0652 0.0811 0.1711 0.0350 0.0250 
3.1692 1.7477 0.2952 0.0207 0.0514 -0.0414 -0.0453 0.1804 0.0953 0.0776 0.0250 0.2813 0.0350 0.0250 
3.9195 1.5801 1.1456 0.0736 0.0589 0.0051 -0.0202 0.2500 0.0811 0.0324 0.0498 0.0166 0.0350 0.0250 
0.6352 0.3680 0.1207 0.1823 0.2731 -0.0308 0.0027 0.0324 0.0322 0.0525 0.0344 0.0440 0.0350 0.0250 
1.8186 0.1331 0.0531 0.2390 0.2507 0.0402 0.0187 0.0738 0.0654 0.0393 0.0535 0.1185 0.0350 0.0250 
0.8686 0.3613 0.1757 0.0114 0.4261 0.0002 -0.0191 0.0962 0.0286 0.0519 0.0654 0.0066 0.0350 0.0250 
2.7395 0.7369 0.2102 -0.0337 0.3182 -0.0783 0.0118 0.1897 0.0719 0.0224 0.0535 0.0189 0.0350 0.0250 
1.5859 0.0806 0.0074 0.2421 0.1437 0.0485 0.0566 0.0223 0.0245 0.0269 0.0114 0.1407 0.0350 0.0250 
2.2216 0.4033 0.0477 0.0885 0.3152 -0.0390 0.0329 0.2622 0.0338 0.0450 0.0472 0.0450 0.0350 0.0250 
1.9608 0.1422 0.0529 0.2045 0.2530 -0.0348 0.0106 0.1036 0.0203 0.0123 0.0039 0.0702 0.0350 0.0250 
2.3966 0.4267 0.0946 -0.0251 0.3214 0.0044 0.0233 0.1167 0.0009 0.0405 0.0477 0.0327 0.0350 0.0250 
3.8003 1.9689 1.2316 0.1352 0.0664 -0.0261 -0.0319 0.4298 0.1411 0.0044 0.0459 0.2314 0.0350 0.0250 
3.5576 2.1009 0.8787 0.2291 -0.0385 -0.0228 -0.0406 0.6876 0.0974 0.0697 0.0761 0.1451 0.0350 0.0250 
1.2408 0.2227 0.4044 0.0189 0.1979 0.0236 0.0385 0.0271 0.0383 0.0345 0.0199 0.1473 0.0350 0.0250 
0.7356 0.2957 0.0779 0.0605 0.3441 0.0158 -0.0020 0.0357 0.0463 0.0157 0.0320 0.0929 0.0350 0.0250 
3.9050 2.1672 1.1649 0.1550 0.0713 0.0396 -0.0215 0.6349 0.0738 0.0746 0.0657 0.2086 0.0350 0.0250 
1.2368 0.0832 0.3776 0.0567 0.2076 0.0166 0.0474 0.0452 0.0094 0.0223 0.0279 0.0669 0.0350 0.0250 
2.1121 0.0331 0.0829 0.0412 0.5605 -0.0548 -0.0322 0.2539 0.0118 0.0347 0.1029 0.1787 0.0350 0.0250 
0.6385 0.4467 0.1881 0.1848 0.0907 0.0082 0.0192 0.0590 0.0330 0.0255 0.0205 0.1696 0.0350 0.0250 
2.1494 0.2729 0.1624 0.1169 0.2746 -0.0695 0.0094 0.0957 0.0459 0.0530 0.0525 0.1657 0.0350 0.0250 
2.5494 0.6181 0.0837 -0.1034 0.4126 -0.0227 0.0712 0.3255 0.0468 0.0586 0.0712 0.1106 0.0350 0.0250 
3.4019 2.2349 0.4657 0.1138 0.1091 -0.0069 -0.0492 0.5381 0.0286 0.0630 0.0308 0.1506 0.0350 0.0250 
3.3463 1.8763 0.4848 0.0352 0.2058 -0.0227 -0.0426 0.4734 0.0355 0.0418 0.0709 0.2832 0.0350 0.0250 
1.0365 0.1838 0.3087 -0.0317 0.1694 0.0169 0.0157 0.0574 0.0237 0.0435 0.0188 0.0207 0.0350 0.0250 
1.3505 -0.0590 0.3266 0.0410 0.0354 -0.0061 0.0574 0.0435 0.0529 0.0298 0.0194 0.0855 0.0350 0.0250 
0.6709 0.2579 0.1457 0.1263 0.2616 -0.0115 0.0125 0.1248 0.0060 0.0423 0.0501 0.0679 0.0350 0.0250 
3.1640 1.3680 0.3383 0.1089 0.0053 -0.0686 -0.0395 0.3644 0.0399 0.0860 0.0824 0.3117 0.0350 0.0250 
1.3245 0.0956 0.3039 0.0440 0.2409 0.0289 0.0527 0.1341 0.0047 0.0371 0.0533 0.0954 0.0350 0.0250 
3.2403 1.4245 0.2956 -0.0868 0.1350 -0.0496 -0.0401 0.2986 0.0111 0.0545 0.1141 0.1957 0.0350 0.0250 
3.3183 2.1511 0.4278 0.1081 0.0189 -0.0427 -0.0616 0.4642 0.0399 0.0515 0.0786 0.2584 0.0350 0.0250 
1.2875 -0.0330 0.3073 0.0081 0.3045 0.0043 0.0402 0.0559 0.0103 0.0159 0.0199 0.1120 0.0350 0.0250 
1.8401 0.0229 0.0128 0.2973 0.3297 0.0267 0.0296 0.1142 0.0075 0.0665 0.0534 0.0702 0.0350 0.0250 
0.6329 0.2647 0.1756 0.0769 0.1752 -0.0145 0.0078 0.0704 0.0259 0.0484 0.0412 0.0359 0.0350 0.0250 
3.0691 1.4495 0.3244 0.0987 0.1449 -0.1165 -0.0141 0.3672 0.0433 0.0321 0.0603 0.3481 0.0350 0.0250 
1.4056 0.0134 0.2546 0.0489 0.0814 -0.0156 0.0415 0.1207 0.0328 0.0348 0.0507 0.0132 0.0350 0.0250 
1.6928 0.2118 0.1198 0.1585 0.2391 0.0534 0.0012 0.1112 0.0404 0.0308 0.0069 0.2083 0.0350 0.0250 
0.5708 0.3867 -0.0028 0.1808 0.3928 -0.0175 0.0487 0.0513 0.0239 0.0168 0.0252 0.1225 0.0350 0.0250 
2.0597 0.2815 -0.0372 0.0849 0.2729 -0.0584 0.0129 0.0480 0.0573 0.0001 0.0146 0.1571 0.0350 0.0250 
0.5250 0.2300 0.1606 0.2793 0.1416 0.0106 0.0420 0.0989 0.0203 0.0257 0.0316 0.0089 0.0350 0.0250 
0.8377 0.3781 0.0796 -0.0013 0.2900 0.0256 -0.0048 0.1384 0.0367 0.0219 0.0559 0.0882 0.0350 0.0250 
1.8606 -0.0107 0.0423 0.3218 0.2620 0.0163 0.0237 0.1356 0.0274 0.0539 0.0318 0.0682 0.0350 0.0250 
3.2235 1.7088 0.3342 0.1703 0.0821 -0.0175 -0.0412 0.4982 0.0524 0.0640 0.0708 0.1710 0.0350 0.0250 
1.5681 0.2996 0.2487 0.2498 0.2618 0.0329 0.0459 0.0332 0.0394 0.0689 0.0328 0.0535 0.0350 0.0250 
1.9630 0.0737 0.1304 0.2048 0.3681 -0.0313 0.0175 0.0806 0.0444 0.0554 0.0470 0.2200 0.0350 0.0250 
0.7315 0.4517 0.1290 0.1119 0.2367 0.0480 0.0029 0.1082 0.0466 0.0349 0.0610 0.1128 0.0350 0.0250 
2.5864 0.6483 0.0925 -0.0572 0.3073 -0.0249 0.0457 0.2014 0.0445 0.0261 0.0550 0.2169 0.0350 0.0250 
1.5137 0.0044 0.0957 0.1153 0.2755 -0.0025 0.0313 0.0763 0.0319 0.0191 0.0046 0.0404 0.0350 0.0250 
1.7238 0.0706 0.1506 0.3903 0.1665 0.0289 0.0289 0.0825 0.0464 0.0665 0.0586 0.0589 0.0350 0.0250 
3.7732 2.0230 1.2720 0.0683 0.0951 -0.0076 -0.0376 0.3775 0.0779 0.0564 0.0940 0.2681 0.0350 0.0250 
3.3037 2.1299 0.4263 -0.0194 0.2568 -0.0207 -0.0631 0.4470 0.1011 0.0467 0.0346 0.1545 0.0350 0.0250 
2.2541 0.4895 -0.0271 0.1590 0.3397 -0.0069 0.0130 0.1187 0.0427 0.0618 0.0577 0.1695 0.0350 0.0250 
1.4901 0.0582 0.1043 0.1452 0.0724 -0.0169 0.0290 0.1367 0.0175 0.0258 0.0212 0.0183 0.0350 0.0250 
1.4056 0.2269 0.2389 0.1621 0.0858 -0.0209 0.0379 0.0205 0.0154 0.0058 0.0097 0.0548 0.0350 0.0250 
2.2753 0.4493 0.1095 0.0112 0.4587 0.0184 -0.0015 0.2437 0.0355 0.0637 0.0328 0.3058 0.0350 0.0250 
2.8968 0.9875 0.2067 0.0226 0.3797 -0.0603 -0.0120 0.2405 0.0577 0.0349 0.0660 0.2327 0.0350 0.0250 
2.0854 0.0751 -0.0707 0.0006 0.4816 -0.0604 0.0183 0.0379 0.0247 0.0205 0.0357 0.1145 0.0350 0.0250 
0.7498 0.1647 0.0774 0.1220 0.4315 0.0332 -0.0050 0.1060 0.0314 0.0167 0.0173 0.1611 0.0350 0.0250 
1.9831 0.1627 0.0630 0.1769 0.2947 -0.0497 0.0170 0.0846 0.0341 0.0222 0.0518 0.0880 0.0350 0.0250 
2.9080 1.1809 0.2217 0.0952 0.4427 -0.0577 0.0002 0.2813 0.0576 0.0663 0.0647 0.1986 0.0350 0.0250 
1.3770 -0.0198 0.2545 0.1284 0.0764 -0.0090 0.0433 0.0847 0.0389 0.0293 0.0434 0.1154 0.0350 0.0250 
3.1842 2.3824 0.2300 -0.0543 0.1182 -0.0277 -0.0452 0.2678 0.0527 0.0616 0.0720 0.2629 0.0350 0.0250 
2.7457 0.8399 0.1728 -0.0425 0.3196 -0.0689 -0.0015 0.1946 0.0455 0.0559 0.0842 0.2950 0.0350 0.0250 
3.4871 2.0998 0.6601 0.1379 0.2019 -0.0045 0.0171 0.4239 0.0565 0.0255 0.0646 0.1465 0.0350 0.0250 
3.6247 1.6556 0.9984 0.1570 0.2850 -0.0047 0.0082 0.5280 0.1233 0.0232 0.0638 0.1893 0.0350 0.0250 
1.5674 0.2046 0.1926 0.2351 0.1897 0.0140 0.0488 0.0642 0.0105 0.0263 0.0225 0.2012 0.0350 0.0250 
3.8990 2.2588 1.1458 0.1345 0.2143 -0.0108 -0.0133 0.6647 0.0092 0.0262 0.0959 0.1115 0.0350 0.0250 
3.9705 2.5998 1.3138 0.1055 0.0459 -0.0118 -0.0404 0.7411 0.1250 0.0436 0.0217 0.0741 0.0350 0.0250 
1.2731 0.0067 0.4122 -0.0077 0.1152 0.0175 0.0381 0.0286 0.0261 0.0343 0.0160 0.1245 0.0350 0.0250 
2.2430 0.2906 -0.0070 0.0833 0.2525 -0.0383 -0.0033 0.0047 0.0364 0.0296 0.0915 0.2528 0.0350 0.0250 
3.5400 1.8192 0.8539 0.2126 0.1221 -0.0226 0.0031 0.7323 0.0511 0.0666 0.0366 0.1263 0.0350 0.0250 
2.6561 0.9562 0.1625 0.0497 0.3921 -0.0452 0.0221 0.2196 0.0533 0.0286 0.0578 0.0674 0.0350 0.0250 
1.1174 -0.0612 0.2467 0.0641 0.1294 0.0425 0.0295 0.1033 0.0356 0.0344 0.0379 0.0924 0.0350 0.0250 
1.4131 -0.0183 0.2463 0.0780 0.2064 -0.0323 0.0471 0.0561 0.0132 0.0214 0.0370 0.0975 0.0350 0.0250 
1.0260 0.0824 0.3761 0.0130 0.3253 -0.0004 0.0065 0.0628 0.0472 0.0215 0.0414 0.1362 0.0350 0.0250 
1.1980 0.0986 0.3959 -0.0013 0.2900 0.0475 0.0267 0.0529 0.0746 0.0671 0.0486 0.0486 0.0350 0.0250 
0.9889 0.1785 0.2943 -0.0279 0.2464 -0.0027 0.0159 0.1321 0.0039 0.0398 0.0091 0.1983 0.0350 0.0250 
1.9286 -0.0310 0.0887 0.2125 0.3453 0.0044 0.0331 0.0555 0.0406 0.0138 0.0499 0.1558 0.0350 0.0250 
0.9170 0.2141 0.2271 -0.0824 0.2583 0.0176 -0.0040 0.0471 0.0247 0.0152 0.0308 0.0962 0.0350 0.0250 
2.7225 0.7621 0.1993 0.0244 0.1271 -0.0368 0.0369 0.1402 0.0515 0.0401 0.0492 0.1515 0.0350 0.0250 
2.7728 0.8388 0.2868 -0.0239 0.3645 -0.0167 -0.0015 0.0573 0.0048 0.0360 0.0186 0.0836 0.0350 0.0250 
0.6052 0.4734 0.1086 0.1402 0.1461 -0.0297 0.0144 0.0956 0.0459 0.0350 0.0291 0.0581 0.0350 0.0250 
2.4939 0.6813 0.0777 -0.0625 0.4666 -0.0056 0.0650 0.2207 0.0538 0.0508 0.0674 0.1245 0.0350 0.0250 
1.5539 0.3023 0.1966 0.2797 0.2826 0.0106 0.0243 0.0824 0.0338 0.0208 0.0601 0.0129 0.0350 0.0250 
2.8380 0.9125 0.2106 -0.0225 0.2097 -0.0237 -0.0046 0.2175 0.0472 0.0308 0.0862 0.2701 0.0350 0.0250 
0.9947 0.2450 0.3246 -0.0639 0.2638 0.0009 0.0045 0.1623 0.0596 0.0186 0.0229 0.0889 0.0350 0.0250 
1.3503 -0.0364 0.2952 -0.0034 0.1334 -0.0020 0.0604 0.0450 0.0463 0.0521 0.0471 0.0623 0.0350 0.0250 
1.5390 0.1873 0.2990 0.1710 0.1931 -0.0027 0.0389 0.1567 0.0165 0.0033 0.0403 0.0320 0.0350 0.0250 
1.8139 0.0292 -0.0215 0.2349 0.2086 0.0497 0.0216 0.0935 0.0183 0.0355 0.0260 0.0245 0.0350 0.0250 
2.1387 0.2079 0.1227 0.1463 0.2578 -0.0718 -0.0002 0.1543 0.0021 0.0456 0.0170 0.2435 0.0350 0.0250 
0.4975 0.2647 0.1023 0.3409 0.1738 0.0049 0.0595 0.0660 0.0501 0.0321 0.0450 0.0143 0.0350 0.0250 
0.5693 0.2487 0.0692 0.2446 0.2799 0.0022 0.0614 0.1199 0.0213 0.0310 0.0511 0.0618 0.0350 0.0250 
2.0135 0.1591 -0.0248 0.1443 0.2428 -0.0568 0.0271 0.0955 0.0305 0.0071 0.0173 0.0621 0.0350 0.0250 
1.3347 -0.2331 0.2576 -0.0545 0.2195 0.0017 0.0592 0.0629 0.0107 0.0337 0.0471 0.1431 0.0350 0.0250 
1.9286 0.1462 0.1350 0.2004 0.0621 -0.0329 0.0094 0.0863 0.0337 0.0442 0.0349 0.0701 0.0350 0.0250 
3.9594 2.4541 1.3373 0.1548 -0.0012 -0.0019 -0.0917 0.4619 0.0530 0.0180 0.0298 0.2349 0.0350 0.0250 
3.2226 0.8715 0.3924 0.0381 0.0188 -0.0303 -0.0353 0.2988 0.0524 0.0019 0.0317 0.1481 0.0350 0.0250 
1.7266 0.2840 0.1167 0.3554 0.1587 0.0652 0.0183 0.1623 0.0038 0.0646 0.0539 0.0757 0.0350 0.0250 
1.4957 0.1956 0.1975 0.2140 0.2726 -0.0093 0.0272 0.1977 0.0198 0.0716 0.0044 0.1590 0.0350 0.0250 
2.2161 0.2196 0.0489 -0.0072 0.1934 -0.0353 0.0225 0.1945 0.0192 0.0418 0.0707 0.0302 0.0350 0.0250 
1.0174 0.1883 0.3146 0.0738 0.2383 -0.0277 -0.0036 0.0212 0.0238 0.0087 0.0098 0.1003 0.0350 0.0250 
1.3917 0.1503 0.3389 0.1528 0.2196 -0.0267 0.0575 0.1040 0.0271 0.0432 0.0304 0.0224 0.0350 0.0250 
2.5946 0.6508 0.1244 0.0054 0.3996 -0.0241 0.0586 0.1276 0.0601 0.0606 0.0156 0.2722 0.0350 0.0250 
1.9946 0.1930 0.0650 0.2212 0.3192 -0.0475 0.0081 0.0867 0.0381 0.0506 0.0674 0.1105 0.0350 0.0250 
3.2127 1.5575 0.3973 0.1692 0.2307 -0.0524 -0.0538 0.6328 0.0404 0.0938 0.0425 0.1624 0.0350 0.0250 
0.6622 0.2838 0.1489 0.1372 0.2001 -0.0046 0.0089 0.0568 0.0472 0.0276 0.0516 0.0394 0.0350 0.0250 
2.1356 0.0986 0.0062 0.0517 0.4472 -0.0475 -0.0142 0.1069 0.0579 0.0498 0.0958 0.2297 0.0350 0.0250 
3.6019 1.9466 0.8952 0.1507 0.1840 -0.0176 -0.0091 0.6629 0.1104 0.0602 0.0528 0.1907 0.0350 0.0250 
2.3753 0.5248 -0.0453 0.0425 0.3984 0.0114 0.0129 0.1241 0.0371 0.0270 0.0924 0.0361 0.0350 0.0250 
0.6893 0.3759 0.2165 0.0719 0.3824 -0.0035 0.0148 0.0554 0.0383 0.0481 0.0180 0.0680 0.0350 0.0250 
1.0012 0.1698 0.2516 -0.1001 0.1247 -0.0150 -0.0069 0.0917 0.0232 0.0396 0.0366 0.1740 0.0350 0.0250 
2.7750 0.9092 0.2069 0.0478 0.0968 -0.0610 -0.0004 0.1270 0.0279 0.0614 0.0038 0.1639 0.0350 0.0250 
1.3707 0.2331 0.3034 0.0243 0.1433 -0.0089 0.0646 0.1253 0.0315 0.0043 0.0278 0.1510 0.0350 0.0250 
1.1022 0.3151 0.3195 0.0236 0.0605 0.0387 0.0283 0.0968 0.0152 0.0091 0.0218 0.0420 0.0350 0.0250 
0.8949 0.2772 0.1888 0.0153 0.2634 0.0297 -0.0044 0.0202 0.0191 0.0438 0.0158 0.1307 0.0350 0.0250 
0.7785 0.2219 0.0108 0.0578 0.3513 0.0415 -0.0032 0.1902 0.0311 0.0127 0.0393 0.0027 0.0350 0.0250 
0.8935 0.2031 0.1202 -0.0380 0.2038 0.0065 -0.0139 0.0899 0.0387 0.0192 0.0476 0.1012 0.0350 0.0250 
1.1918 0.1150 0.3916 -0.0092 0.2485 0.0203 0.0292 0.0281 0.0368 0.0370 0.0091 0.0959 0.0350 0.0250 
2.9447 1.1080 0.1783 -0.0802 0.3352 -0.0772 -0.0028 0.1020 0.0244 0.0250 0.0670 0.2333 0.0350 0.0250 
0.6495 0.2585 0.1147 0.1978 0.2161 -0.0089 0.0140 0.1080 0.0477 0.0535 0.0168 0.0940 0.0350 0.0250 
3.9566 2.3737 1.3935 0.0666 0.0985 -0.0164 -0.0765 0.5074 0.0703 0.0798 0.0716 0.2960 0.0350 0.0250 
3.9841 2.5376 1.2614 0.1642 0.0480 -0.0159 -0.0683 0.2806 0.1028 0.0406 0.0290 0.2622 0.0350 0.0250 
3.1278 1.5861 0.3309 0.0041 0.0419 -0.0631 -0.0234 0.2873 0.0573 0.0616 0.0713 0.2672 0.0350 0.0250 
1.8993 0.0729 0.0081 0.2569 0.1803 0.0127 0.0249 0.1914 0.0164 0.0467 0.0517 0.0624 0.0350 0.0250 
2.9566 0.9123 0.2108 -0.0820 0.3629 -0.0436 0.0062 0.1050 0.0710 0.0656 0.0226 0.2719 0.0350 0.0250 
3.2822 1.3484 0.4032 0.0614 0.0865 -0.0231 -0.0714 0.1267 0.0342 0.0166 0.0640 0.1540 0.0350 0.0250 
3.6630 1.9735 1.1576 0.1402 0.0503 -0.0173 -0.0357 0.3649 0.0432 0.0331 0.0757 0.1038 0.0350 0.0250 
2.7272 0.8194 0.1773 0.0766 0.0966 -0.0478 0.0073 0.1714 0.0458 0.0017 0.0570 0.1265 0.0350 0.0250 
2.8275 0.8609 0.0937 -0.1127 0.4632 -0.0314 0.0028 0.0903 0.0343 0.0434 0.1065 0.1039 0.0350 0.0250 
0.9889 0.2373 0.2522 0.0563 0.2162 -0.0457 0.0047 0.0375 0.0199 0.0398 0.0228 0.0769 0.0350 0.0250 
1.5894 0.2933 0.1516 0.3098 -0.0321 0.0347 0.0774 0.1467 0.0642 0.0565 0.0492 0.0399 0.0350 0.0250 
0.4864 0.2627 0.0876 0.2957 0.1998 0.0010 0.0581 0.0331 0.0005 0.0436 0.0278 0.0895 0.0350 0.0250 
1.8524 0.0983 0.2008 0.2717 0.2625 0.0229 0.0209 0.1204 0.0232 0.0181 0.0440 0.0401 0.0350 0.0250 
3.2363 1.8847 0.4026 0.1364 0.0935 -0.0191 -0.0400 0.5323 0.0617 0.0584 0.0947 0.1172 0.0350 0.0250 
1.6993 0.2624 0.1753 0.3124 0.1443 0.0358 -0.0033 0.1054 0.0315 0.0480 0.0413 0.0030 0.0350 0.0250 
3.6013 1.4851 0.9565 0.1383 0.2645 -0.0229 -0.0108 0.4959 0.0801 0.0394 0.0311 0.2113 0.0350 0.0250 
3.6948 2.0526 1.1993 0.1349 0.0266 -0.0192 -0.0433 0.2988 0.1115 0.0343 0.0615 0.1778 0.0350 0.0250 
1.3224 -0.0944 0.3381 -0.0057 0.1621 0.0175 0.0651 0.0364 0.0325 0.0211 0.0495 0.1349 0.0350 0.0250 
3.2850 2.2064 0.4288 0.0888 0.1663 -0.0199 -0.0549 0.3966 0.0430 0.0676 0.0940 0.1791 0.0350 0.0250 
0.7494 0.4275 0.1462 0.1101 0.3870 0.0063 -0.0134 0.0437 0.0163 0.0250 0.0545 0.0906 0.0350 0.0250 
2.9667 1.3923 0.2105 -0.0672 0.2371 -0.0568 -0.0115 0.0543 0.0659 0.0807 0.0626 0.0470 0.0350 0.0250 
2.0880 0.0316 0.1502 0.1137 0.4924 -0.0891 0.0027 0.0391 0.0502 0.0275 0.0253 0.0281 0.0350 0.0250 
1.0800 0.0028 0.3770 0.0067 0.2564 0.0303 0.0020 0.0945 0.0296 0.0061 0.0483 0.1201 0.0350 0.0250 
2.8271 0.9465 0.2422 -0.0277 0.0840 -0.0407 -0.0087 0.2868 0.0494 0.0264 0.0950 0.2236 0.0350 0.0250 
0.4153 0.4026 0.1300 0.2555 0.3002 -0.0024 0.0221 0.0145 0.0222 0.0116 0.0026 0.0325 0.0350 0.0250 
3.4774 1.9055 0.6946 0.1667 0.0696 -0.0189 0.0037 0.5076 0.0624 0.0368 0.0391 0.0724 0.0350 0.0250 
0.4916 0.1891 0.1058 0.2475 0.2576 0.0069 0.0351 0.0938 0.0491 0.0365 0.0248 0.1363 0.0350 0.0250 
2.2076 0.3777 0.1171 0.1255 0.3124 -0.0554 0.0236 0.2139 0.0448 0.0369 0.0467 0.1339 0.0350 0.0250 
2.2529 0.5492 0.0161 0.0095 0.4048 0.0177 0.0123 0.0710 0.0217 0.0601 0.0682 0.1392 0.0350 0.0250 
3.5360 2.1294 0.6840 0.2548 0.1678 -0.0274 0.0071 0.4759 0.1068 0.0601 0.0088 0.0248 0.0350 0.0250 
2.6357 0.4392 0.1290 -0.0188 0.2934 -0.0417 0.0321 0.1925 0.0368 0.0312 0.0577 0.1887 0.0350 0.0250 
2.3414 0.5140 0.0424 -0.0309 0.3915 0.0284 0.0104 0.1197 0.0366 0.0245 0.0752 0.1028 0.0350 0.0250 
3.7967 1.5917 1.2170 0.0457 0.2368 -0.0079 -0.0248 0.5452 0.1007 0.0572 0.0895 0.2052 0.0350 0.0250 
3.8960 1.3046 1.1953 0.1608 0.2310 -0.0003 -0.0220 0.4568 0.0942 0.0462 0.0490 0.1647 0.0350 0.0250 
2.7173 0.5378 0.0588 -0.0165 0.3955 -0.0464 0.0229 0.2314 0.0520 0.0143 0.0980 0.2733 0.0350 0.0250 
0.4276 0.3376 0.1327 0.1677 0.2512 -0.0018 0.0203 0.0763 0.0193 0.0133 0.0275 0.0275 0.0350 0.0250 
2.6933 0.4247 0.0853 -0.0275 0.3843 -0.0475 0.0416 0.2605 0.0597 0.0660 0.0327 0.0969 0.0350 0.0250 
0.6576 0.4811 0.2538 0.1323 0.2042 -0.0151 0.0119 0.0739 0.0117 0.0205 0.0080 0.0807 0.0350 0.0250 
2.5936 0.5146 0.1300 -0.0479 0.2514 -0.0221 0.0431 0.1320 0.0642 0.0163 0.0636 0.1511 0.0350 0.0250 
2.6047 0.8868 0.2241 -0.0164 0.3047 -0.0204 0.0402 0.1436 0.0377 0.0478 0.0228 0.1756 0.0350 0.0250 
2.8584 0.6454 0.2466 0.0948 0.4101 -0.0677 -0.0053 0.1537 0.0300 0.0696 0.0573 0.2184 0.0350 0.0250 
2.5538 0.5997 0.1271 -0.0483 0.5594 -0.0080 0.0456 0.1947 0.0450 0.0456 0.0936 0.1339 0.0350 0.0250 
